tree
version=v4
num_class=1
num_tree_per_iteration=1
label_index=0
max_feature_idx=19
objective=lambdarank
feature_names=Column_0 Column_1 Column_2 Column_3 Column_4 Column_5 Column_6 Column_7 Column_8 Column_9 Column_10 Column_11 Column_12 Column_13 Column_14 Column_15 Column_16 Column_17 Column_18 Column_19
feature_infos=[0:1] [0:0.99999999999999989] [0:1] [0:1] [0:1] [0:1] [0:1] [0:1] [0:1] [0:1] [0:1] [0:1] [0:0.99999999999999989] [0:1] [0:1] [0:0.99999999999999989] [0:1] [0:1] [0:1] [0:1]
tree_sizes=3537 3550 3540

Tree=0
num_leaves=31
num_cat=0
split_feature=0 4 19 19 17 19 3 19 19 8 18 3 1 7 19 9 17 19 16 19 7 8 9 16 19 1 19 18 7 8
split_gain=2.69335 1.09051 0.953517 0.29397 0.254057 0.297449 0.18099 0.275207 0.168918 0.143598 0.148106 0.12707 0.113616 0.10529 0.0822973 0.0797976 0.100852 0.0653353 0.0646693 0.0599153 0.0560906 0.0506203 0.0466929 0.0461921 0.0437217 0.0373873 0.0243598 0.0233496 0.0228121 0.0221919
threshold=1.0000000180025095e-35 0.2256542110568828 0.67142364461704218 0.80973499277352456 0.5473642005203202 0.66060353753299661 0.6534101373367498 0.40162102335217192 0.5893719787037115 0.48999798458627941 0.50804457818810544 0.45140721305216919 0.79994857550138476 0.51286728621501232 0.45993015698356965 0.4972457442400437 1.0000000180025095e-35 0.53684720817343545 0.56592211573762663 0.56583432198165629 0.51286728621501232 0.38103720395437191 0.83488292841555967 0.44928855105671378 0.60330745692344345 0.65473666153305776 0.70028556947070386 0.42163288788265169 0.55830428720348568 0.5865848463313873
decision_type=2 2 2 2 2 2 2 2 2 2 2 2 2 2 2 2 2 2 2 2 2 2 2 2 2 2 2 2 2 2
left_child=3 13 4 9 8 6 7 25 12 11 -11 24 15 17 -13 -3 -17 -2 26 -8 -16 -4 -18 27 -1 -6 -12 -9 -25 -23
right_child=1 2 21 -5 5 -7 19 23 -10 10 18 14 -14 -15 20 16 22 -19 -20 -21 -22 29 -24 28 -26 -27 -28 -29 -30 -31
leaf_value=-0.01924435985357912 0.0013398323346971595 -0.016331626852596759 0.0061594938186748053 0.0083829671021965532 -0.0045211791080395454 -0.017044962354378235 0.0017903449104174887 -0.00012775546231994918 0.0074712680888411181 -0.01834442697111574 -0.013490035427216891 -0.019081792403791535 0.0036921103100411869 0.017871686227984449 0.010018358935323666 0.010607894709529882 -0.017010333713078057 0.013961749597889535 0.0088042511104232165 -0.012647463723951076 -0.0080718092371252631 0.016307799005967107 -0.0050360985930442597 0.010125932882332956 -0.012861434535128946 -0.018629698798313263 0.0008834751261499183 0.010568537750019298 0.016522977336255032 0.01054988748006554
leaf_weight=0.57019691370078385 0.067959103209432548 0.24591408902779199 0.079182561894412973 0.058029343723319471 0.061110920389182866 0.082460045523475856 0.046091022581094876 0.044516781636048108 0.055206435790751129 0.062604381586425006 0.026967905345372856 0.033113186829723418 0.046752831665799022 0.58359806024236605 0.031218371208524331 0.026432807382661849 0.062924881931394339 0.10342186846537516 0.053286539507098496 0.076367169909644872 0.038006311719072983 0.28628722348366864 0.067496582109015435 0.10444124817149714 0.13219396723434329 0.027117620513308793 0.020951303886249661 0.037685249175410718 0.11955945656518452 0.087363221566192806
leaf_count=98 31 112 26 29 56 4 34 34 30 53 34 45 30 40 15 11 57 16 27 24 40 54 7 48 35 14 16 16 29 37
internal_value=1.48778e-09 0.00598527 0.00120264 -0.0134792 -0.00380925 0.000592788 0.00340656 0.0067037 -0.00903655 -0.014789 -0.00625469 -0.0165263 -0.0110639 0.015848 -0.00611584 -0.0127768 -0.00720348 0.00895668 0.00122384 -0.00721334 8.63442e-05 0.0134224 -0.0108133 0.0111875 -0.0180431 -0.00885753 -0.00720563 0.00477592 0.0135403 0.0149615
internal_weight=3.33846 2.31189 1.55691 1.02657 1.10408 0.59935 0.516889 0.394431 0.504728 0.968539 0.16381 0.804729 0.449521 0.754979 0.102338 0.402768 0.156854 0.171381 0.101206 0.122458 0.0692247 0.452833 0.130421 0.306203 0.702391 0.0882285 0.0479192 0.082202 0.224001 0.37365
internal_count=1102 710 623 392 506 259 255 197 247 363 130 233 217 87 100 187 75 47 77 58 55 117 64 127 133 70 50 50 77 91
is_linear=0
shrinkage=0.01


Tree=1
num_leaves=31
num_cat=0
split_feature=4 13 16 6 16 19 14 0 16 8 19 17 10 3 12 17 13 6 17 6 8 16 2 19 4 19 18 5 19 8
split_gain=5.82659 1.0858 2.05504 1.04247 0.603574 0.462684 0.308534 0.397113 0.158047 0.159591 0.155935 0.146533 0.123902 0.0880145 0.0986144 0.0774323 0.0759409 0.0712176 0.083486 0.0689969 0.0706691 0.0693152 0.0519089 0.0360646 0.0347851 0.0296619 0.0240069 0.0226611 0.0176009 0.016636
threshold=0.14909764613365098 0.72837100643911745 0.5347554881037172 0.99275150622988273 0.67020903699048862 0.39894494664280267 0.53233322069136413 1.0000000180025095e-35 0.44928855105671378 0.5865848463313873 0.69010104617098378 0.88382824122251391 0.70291058839759091 0.45140721305216919 1.0000000180025095e-35 0.60202137347661555 0.28416804300431908 1.0000000180025095e-35 0.63324113414481153 1.0000000180025095e-35 0.38103720395437191 0.46145230865100134 0.42332509538065261 0.58504706071896173 0.54527207922298382 0.28141183967474098 0.64372357786839995 1.0000000180025095e-35 0.67142364461704218 0.5865848463313873
decision_type=2 2 2 2 2 2 2 2 2 2 2 2 2 2 2 2 2 2 2 2 2 2 2 2 2 2 2 2 2 2
left_child=1 2 -1 4 5 25 7 17 12 10 11 19 16 -8 -15 -16 -9 29 28 21 -21 -10 -17 -18 -11 -2 27 -27 -19 -7
right_child=3 -3 -4 -5 -6 6 13 8 9 24 -12 -13 -14 14 15 22 23 18 -20 20 -22 -23 -24 -25 -26 26 -28 -29 -30 -31
leaf_value=-0.0095377227607047737 -0.019186173336411309 0.019698378713827125 0.01410929760209997 0.013993961101054685 0.006839569721651474 -0.0179191812717465 -0.01892707695938943 -0.016756188464758057 -0.0019910171143230331 -0.014424713369587384 0.0074982393649836165 0.0067412749379501657 0.00070354692093273002 -0.017529459309879133 -0.0013618758883153148 -0.016758568871162637 -0.011165321041027477 -0.017759129566873148 0.0016446190751229397 0.0042408075114251948 -0.0063681942319101445 -0.014344079826153005 -0.0054140678458883332 -0.0029299015586497696 -0.0058858346793900767 -0.017461276723943622 -0.0097259344766013854 -0.011471888786772909 -0.0095581358838861957 -0.013137557695742553
leaf_weight=0.54238780401647124 0.32758529845159623 0.98664699343498785 1.139833374880254 0.20714189030695696 0.22404746594838787 0.23504142800811689 0.23356478754430998 0.146213515312411 0.074603303801268117 0.081384764984250069 0.23464864422567189 0.14069679612293839 0.11545194033533335 0.16270935861393809 0.11329878529068083 0.097789763240143657 0.11658875574357808 0.051355007104575634 0.054901698953472078 0.11505238292738795 0.1382212188327685 0.11613209487404674 0.068648378131911159 0.097765497514046729 0.11529380118008703 0.30027636513113976 0.067403356079012156 0.080000858753919601 0.053362900856882334 0.10538427182473242
leaf_count=36 118 4 29 17 26 110 33 40 15 21 34 16 22 71 35 32 30 24 16 24 22 40 22 22 29 109 30 18 16 41
internal_value=6.34211e-10 0.0113698 0.00648494 -0.00783171 -0.00906445 -0.0100993 -0.00812333 -0.00614239 -0.00355766 -0.00132995 0.000611797 -0.00215181 -0.00831258 -0.0139608 -0.0113392 -0.00773864 -0.0111995 -0.0138548 -0.00834345 -0.00496983 -0.00154894 -0.00951236 -0.0120795 -0.0074092 -0.00941919 -0.0168995 -0.0152263 -0.0162013 -0.01358 -0.016439
internal_weight=6.54343 2.66887 1.68222 3.87456 3.66742 3.44337 2.66811 1.9921 1.49205 1.01603 0.819354 0.584706 0.47602 0.676011 0.442446 0.279737 0.360568 0.500045 0.15962 0.444009 0.253274 0.190735 0.166438 0.214354 0.196679 0.775266 0.447681 0.380277 0.104718 0.340426
internal_count=1102 69 65 1033 1016 990 715 522 315 201 151 117 114 193 160 89 92 207 56 101 46 55 54 52 50 275 157 127 40 151
is_linear=0
shrinkage=0.01


Tree=2
num_leaves=31
num_cat=0
split_feature=4 19 2 0 17 17 7 15 3 17 9 19 0 3 13 6 17 1 16 19 19 12 19 17 7 7 17 10 12 19
split_gain=7.53263 2.39268 1.48172 1.18193 0.755939 0.69973 0.580164 0.329441 0.410169 0.127281 0.0456025 0.0374592 0.0280007 0.0319277 0.0348315 0.039477 0.0450307 0.0301236 0.0132087 0.0126609 0.0115197 0.00808584 0.00950879 0.00782506 0.00615675 0.0113333 0.00590752 0.00589379 0.0116887 0.00209575
threshold=0.2256542110568828 0.69010104617098378 1.0000000180025095e-35 1.0000000180025095e-35 0.66026312793635966 0.62217004251591879 0.75638960379158371 0.4371443352986098 0.76760812761605235 0.73355301938627726 1.0000000180025095e-35 0.39894494664280267 1.0000000180025095e-35 0.6534101373367498 0.46421019383519468 1.0000000180025095e-35 0.88382824122251391 1.0000000180025095e-35 0.56592211573762663 0.80973499277352456 0.65768620519339371 1.0000000180025095e-35 0.52202827133973606 0.86948638637566067 0.51286728621501232 0.43566885086246127 0.60156164164354775 0.36668384494541895 0.38661762621615653 0.28141183967474098
decision_type=2 2 2 2 2 2 2 2 2 2 2 2 2 2 2 2 2 2 2 2 2 2 2 2 2 2 2 2 2 2
left_child=2 11 6 19 -5 -4 18 -6 10 -7 -9 29 24 14 15 16 20 -17 23 -3 27 -15 -23 -1 25 -13 -24 -14 -29 -2
right_child=1 3 5 4 7 9 -8 8 -10 -11 -12 12 13 21 -16 17 -18 -19 -20 -21 -22 22 26 -25 -26 -27 -28 28 -30 -31
leaf_value=-0.01891478932323553 -0.019303362530208864 -0.018613785879058781 0.017323011903977191 -0.015392971319280708 0.0160152766215262 0.00041625715371173617 0.0073264535541568056 -0.0010153625427684607 0.014824286653188449 0.008973181968013005 -0.0099544053193336285 -0.018966846542679838 -0.018782586647862757 -0.01918160845015552 -0.018858906877157237 -0.005087747720161389 -0.0088367171012713481 -0.013181180615330758 -0.012260451872704419 -0.014093401390976328 -0.012473772866441135 -0.01912331129291335 -0.012738863081533769 -0.014513467972742829 -0.019048068945627935 -0.012932430350401466 -0.017071090967405802 -0.018744766926894644 -0.013006983018945675 -0.018177959809101384
leaf_weight=0.088473411742598151 0.304926414391958 0.19355360011104472 1.8963333745487037 0.14034365909174085 0.41255913022905588 0.26613396871834982 0.20483788941055536 0.1131475877482444 0.1749938998837024 0.50120775075629354 0.11514910473488271 0.071941232541575695 0.1283412768971175 0.15681088122073561 0.11640466749668121 0.094816321972757578 0.10549481329508126 0.08929937519133091 0.098123779287561774 0.091133831534534693 0.062760697561316192 0.069731344236060977 0.075577020645141602 0.074332500342279673 0.2575586570892483 0.054854965303093195 0.053941789781674743 0.069795772200450301 0.072263060370460153 0.36181397503241897
leaf_count=25 124 65 37 35 16 9 4 16 5 34 24 30 43 58 33 25 31 25 18 27 19 21 23 22 103 19 20 23 23 145
internal_value=-3.23348e-09 -0.0103341 0.0111853 0.000719509 0.00604478 0.0140627 -0.00526998 0.00973253 0.00330539 0.00600542 -0.00552407 -0.0167247 -0.0158378 -0.0150229 -0.0138379 -0.0128994 -0.0145305 -0.00901321 -0.0151586 -0.0171667 -0.0163335 -0.0174829 -0.0161461 -0.0169053 -0.01816 -0.0163562 -0.0145431 -0.0172293 -0.015826 -0.0186927
internal_weight=6.51666 3.38721 3.12944 1.24088 0.956193 2.66368 0.465768 0.81585 0.403291 0.767342 0.228297 2.14633 1.47959 1.09524 0.739176 0.622771 0.438656 0.184116 0.26093 0.284687 0.333161 0.356061 0.19925 0.162806 0.384355 0.126796 0.129519 0.2704 0.142059 0.66674
internal_count=1102 953 149 188 96 80 69 61 45 43 40 765 496 344 222 189 139 50 65 92 108 122 64 47 152 49 43 89 46 269
is_linear=0
shrinkage=0.01


end of trees

feature_importances:
Column_19=21
Column_17=11
Column_16=7
Column_7=6
Column_8=6
Column_3=5
Column_0=4
Column_4=4
Column_6=4
Column_1=3
Column_9=3
Column_12=3
Column_13=3
Column_18=3
Column_2=2
Column_10=2
Column_5=1
Column_14=1
Column_15=1

parameters:
[boosting: gbdt]
[objective: lambdarank]
[metric: ndcg]
[tree_learner: serial]
[device_type: cpu]
[data_sample_strategy: bagging]
[data: ]
[valid: ]
[num_iterations: 100]
[learning_rate: 0.01]
[num_leaves: 31]
[num_threads: 0]
[seed: 42]
[deterministic: 0]
[force_col_wise: 0]
[force_row_wise: 0]
[histogram_pool_size: -1]
[max_depth: -1]
[min_data_in_leaf: 20]
[min_sum_hessian_in_leaf: 0.001]
[bagging_fraction: 1]
[pos_bagging_fraction: 1]
[neg_bagging_fraction: 1]
[bagging_freq: 0]
[bagging_seed: 400]
[bagging_by_query: 0]
[feature_fraction: 1]
[feature_fraction_bynode: 1]
[feature_fraction_seed: 30056]
[extra_trees: 0]
[extra_seed: 12879]
[early_stopping_round: 0]
[early_stopping_min_delta: 0]
[first_metric_only: 0]
[max_delta_step: 0]
[lambda_l1: 0]
[lambda_l2: 0]
[linear_lambda: 0]
[min_gain_to_split: 0]
[drop_rate: 0.1]
[max_drop: 50]
[skip_drop: 0.5]
[xgboost_dart_mode: 0]
[uniform_drop: 0]
[drop_seed: 17869]
[top_rate: 0.2]
[other_rate: 0.1]
[min_data_per_group: 100]
[max_cat_threshold: 32]
[cat_l2: 10]
[cat_smooth: 10]
[max_cat_to_onehot: 4]
[top_k: 20]
[monotone_constraints: ]
[monotone_constraints_method: basic]
[monotone_penalty: 0]
[feature_contri: ]
[forcedsplits_filename: ]
[refit_decay_rate: 0.9]
[cegb_tradeoff: 1]
[cegb_penalty_split: 0]
[cegb_penalty_feature_lazy: ]
[cegb_penalty_feature_coupled: ]
[path_smooth: 0]
[interaction_constraints: ]
[verbosity: -1]
[saved_feature_importance_type: 0]
[use_quantized_grad: 0]
[num_grad_quant_bins: 4]
[quant_train_renew_leaf: 0]
[stochastic_rounding: 1]
[linear_tree: 0]
[max_bin: 255]
[max_bin_by_feature: ]
[min_data_in_bin: 3]
[bin_construct_sample_cnt: 200000]
[data_random_seed: 175]
[is_enable_sparse: 1]
[enable_bundle: 1]
[use_missing: 1]
[zero_as_missing: 0]
[feature_pre_filter: 1]
[pre_partition: 0]
[two_round: 0]
[header: 0]
[label_column: ]
[weight_column: ]
[group_column: ]
[ignore_column: ]
[categorical_feature: ]
[forcedbins_filename: ]
[precise_float_parser: 0]
[parser_config_file: ]
[objective_seed: 16083]
[num_class: 1]
[is_unbalance: 0]
[scale_pos_weight: 1]
[sigmoid: 1]
[boost_from_average: 1]
[reg_sqrt: 0]
[alpha: 0.9]
[fair_c: 1]
[poisson_max_delta_step: 0.7]
[tweedie_variance_power: 1.5]
[lambdarank_truncation_level: 30]
[lambdarank_norm: 1]
[label_gain: ]
[lambdarank_position_bias_regularization: 0]
[eval_at: 10]
[multi_error_top_k: 1]
[auc_mu_weights: ]
[num_machines: 1]
[local_listen_port: 12400]
[time_out: 120]
[machine_list_filename: ]
[machines: ]
[gpu_platform_id: -1]
[gpu_device_id: -1]
[gpu_use_dp: 0]
[num_gpu: 1]

end of parameters

pandas_categorical:null
